{
    'objective': 'regression',
    'n_estimators': 275,
    'max_depth': 5,
    'learning_rate': 0.02344410451744192,
    'reg_alpha': 4.771123633686727,
    'reg_lambda': 2.108926126425786,
    'subsample': 0.6734397314373017,
    'colsample_bytree': 0.7205525456429738
}